6.3
27.65
43.2
41.3
59.2
44.85
57.45
60.85
62.9
63
59.7
74.25
72.15
62.05
73.5
71.2
82.2
78.05
82.6
77.55
75.9
77.9
89.1
79.25
85.5
76.05
86.1
85.55
78.8
85.35
91.55
88.4
92.5
92.6
98.65
94.05
95.45
83.6
89.2
95.55
85.3
84.4
93.2
106.1
102.25
86.35
91
94.7
95.35
92.85
96.25
98.75
98.65
91.95
104.8
101.6
100.55
106.45
95.65
103.8
103.05
110.25
99.7
97
92.3
102.65
104.3
103.05
96.35
108.7
95.95
103.2
106.85
101.3
99.4
108.3
113.65
106.1
104.65
101.25
104
102.05
106.5
114.5
104.05
112.5
107.55
102.75
112.8
104.35
116.1
105.1
113.6
105.25
113.25
112.4
102.25
106.7
102.25
101.85
