495.3
486.15
508.65
402.5
473.25
383.8
387.6
397
390.05
383.75
357.1
378.4
340.5
326.1
285.2
278.75
263.55
265.25
254.9
277.8
245.9
228.95
231.8
241.1
206.1
216.95
171.2
186.8
193.1
184.5
153.15
172.7
167.9
174.95
164.45
145.75
131.95
122.05
109.25
116.65
116.05
115.35
100.55
111.4
96.15
106.6
109.4
88.65
95.35
83.9
80.6
81.1
79.65
73
83.8
69.55
63.45
61
61.45
68.85
60.8
57.55
56.95
56.15
49.35
51.15
50.9
48.15
50.35
43.45
46.9
45.45
44
43.2
43.6
40.3
40.1
39.9
40.65
37.75
38.9
42.2
41
43
43.5
43.95
50.25
54.2
52.5
50.85
